<?xml version="1.0" encoding="UTF-8" standalone="no"?>
<!-- Generator: Adobe Illustrator 15.1.0, SVG Export Plug-In . SVG Version: 6.00 Build 0)  -->

<svg
   xmlns:dc="http://purl.org/dc/elements/1.1/"
   xmlns:cc="http://creativecommons.org/ns#"
   xmlns:rdf="http://www.w3.org/1999/02/22-rdf-syntax-ns#"
   xmlns:svg="http://www.w3.org/2000/svg"
   xmlns="http://www.w3.org/2000/svg"
   xmlns:sodipodi="http://sodipodi.sourceforge.net/DTD/sodipodi-0.dtd"
   xmlns:inkscape="http://www.inkscape.org/namespaces/inkscape"
   version="1.1"
   id="Layer_1"
   x="0px"
   y="0px"
   width="32"
   height="19.860615"
   viewBox="0 0 32 19.860615"
   enable-background="new 0 0 32 32"
   xml:space="preserve"
   inkscape:version="0.48.2 r9819"
   sodipodi:docname="Zh_conversion_icon.svg"><metadata
     id="metadata7"><rdf:RDF><cc:Work
         rdf:about=""><dc:format>image/svg+xml</dc:format><dc:type
           rdf:resource="http://purl.org/dc/dcmitype/StillImage" /><dc:title /></cc:Work></rdf:RDF></metadata><defs
     id="defs5" /><sodipodi:namedview
     pagecolor="#ffffff"
     bordercolor="#666666"
     borderopacity="1"
     objecttolerance="10"
     gridtolerance="10"
     guidetolerance="10"
     inkscape:pageopacity="0"
     inkscape:pageshadow="2"
     inkscape:window-width="1600"
     inkscape:window-height="847"
     id="namedview3"
     showgrid="false"
     showguides="true"
     inkscape:guide-bbox="true"
     inkscape:zoom="22.5"
     inkscape:cx="15.23173"
     inkscape:cy="7.1395567"
     inkscape:window-x="-8"
     inkscape:window-y="-8"
     inkscape:window-maximized="1"
     inkscape:current-layer="Layer_1"
     fit-margin-top="0"
     fit-margin-left="0"
     fit-margin-right="0"
     fit-margin-bottom="0" /><rect
     style="fill:#e9e9e9;fill-opacity:1"
     id="rect2987-1"
     width="16"
     height="20"
     x="16"
     y="-0.139385" /><rect
     style="fill:#d3e3f4;fill-opacity:1"
     id="rect2987"
     width="16"
     height="20"
     x="-1.7996516e-007"
     y="-0.139385" /><path
     d="m 19.307781,4.2383123 c 0.256553,0.2387309 0.518247,0.4923719 0.785074,0.7609119 0.153928,0.1591569 0.323259,0.2337579 0.507995,0.2238009 0.133403,-0.0099 0.225766,-0.08951 0.277089,-0.238721 0.06156,-0.1591369 0.04105,-0.4127769 -0.06158,-0.7609117 -0.06157,-0.188976 -0.25143,-0.35807 -0.569569,-0.5072809 -0.800478,-0.29839 -1.267434,-0.402831 -1.400826,-0.313321 -0.06158,0.039799 -0.08211,0.1342909 -0.06158,0.283481 0.04105,0.1293169 0.215514,0.3133309 0.523391,0.5520408 z m -1.50851,2.8348074 c 0.492592,0.5470678 0.939012,0.9250417 1.339294,1.1339626 0.1642,0.02985 0.302734,-0.029829 0.415632,-0.1790399 0.07184,-0.1292969 0.09749,-0.2934169 0.07697,-0.4923608 -0.123151,-0.477431 -0.646541,-0.8404859 -1.570148,-1.0891318 -0.01029,-0.0099 -0.02053,-0.01491 -0.03079,-0.01492 -0.194988,-0.03978 -0.343795,-0.04475 -0.446421,-0.01492 -0.07184,0.01 -0.09749,0.08456 -0.07697,0.223801 0.01029,0.1293169 0.107759,0.2735439 0.292483,0.4326809 z m 0.03079,5.7888903 c -0.133414,0.03979 -0.179595,0.149201 -0.138545,0.328241 0.225776,0.785789 0.513117,1.248341 0.862043,1.387533 0.07184,0.06963 0.164201,0.08952 0.277089,0.05968 0.07184,-0.02984 0.112888,-0.174067 0.123151,-0.432681 0.01029,-0.387921 0.441278,-1.899776 1.293038,-4.5356504 0.06156,-0.1591354 0.08723,-0.2735224 0.07697,-0.3431594 -0.01029,-0.09946 -0.06671,-0.114377 -0.169332,-0.04476 -0.12315,0.08952 -0.708115,1.0643158 -1.754853,2.9242648 -0.102624,0.218827 -0.292483,0.437655 -0.569571,0.656481 z m 7.050283,-0.537121 c 0.01029,0.0099 0.02564,0.02487 0.04618,0.04476 1.323805,1.641204 2.17568,2.516493 2.555311,2.625865 0.523368,0.17904 1.421372,0.149201 2.693865,-0.08951 0.194968,-0.0099 0.302724,-0.04476 0.32327,-0.104445 0.01029,-0.06963 -0.05645,-0.134281 -0.200119,-0.193961 -1.847259,-0.576908 -3.088985,-1.08423 -3.725284,-1.521823 -0.461825,-0.278506 -0.846659,-0.55203 -1.154483,-0.820591 0.872296,-0.09946 1.939558,-0.159147 3.201934,-0.17904 0.625995,0.02984 0.980053,-0.01492 1.062184,-0.134281 0.04104,-0.09946 -0.02054,-0.218827 -0.184725,-0.35808 -0.5234,-0.358071 -0.969821,-0.497325 -1.339294,-0.417762 -0.779953,0.179041 -1.842095,0.373002 -3.186446,0.581882 0.06157,-0.308338 0.112878,-0.621658 0.153939,-0.939952 0.656792,-0.119361 1.277654,-0.218817 1.862641,-0.298401 0.256552,-0.03978 0.338653,-0.129306 0.246301,-0.268559 -0.102635,-0.159138 -0.297624,-0.2635786 -0.584965,-0.3133231 -0.369462,-0.03978 -0.862054,0.039791 -1.477848,0.2387211 0.01029,-0.2784968 0.02564,-0.5470572 0.04618,-0.8056707 0.738882,-0.1193509 1.61124,-0.2237909 2.616949,-0.3133209 0.102613,-0.0099 0.16419,-0.0547 0.184725,-0.1342809 -1.1e-5,-0.06962 -0.128292,-0.1889771 -0.384845,-0.3580809 0.215502,-0.4177499 0.451531,-0.6912839 0.708115,-0.8205909 0.184716,-0.1591369 0.205241,-0.3282309 0.06158,-0.5072819 -0.15395,-0.1292959 -0.482352,-0.3282299 -0.985195,-0.5968008 -0.164211,-0.069621 -0.359199,-0.07459 -0.584965,-0.01492 -0.502875,0.188997 -1.000598,0.3481439 -1.493231,0.4774409 0.01029,-0.06962 0.03591,-0.14919 0.07697,-0.238721 0.04104,-0.1193499 0.02052,-0.2088699 -0.06158,-0.2685599 -0.153945,-0.1193535 -0.348933,-0.2237945 -0.584961,-0.3133245 0.348916,-0.06962 0.882558,-0.1342699 1.600915,-0.1939609 0.102613,-0.0099 0.159059,-0.05967 0.169332,-0.1492 0.01029,-0.06962 -0.133424,-0.1939499 -0.431027,-0.3730009 -0.01029,-0.0099 -0.0308,-0.01491 -0.06158,-0.01492 0.09235,-0.3978569 0.189846,-0.7807948 0.292482,-1.1488727 0.625994,-0.09946 1.216123,-0.179031 1.770236,-0.238721 0.102614,0.01 0.200109,-0.04475 0.292482,-0.1641199 0.01029,-0.09945 -0.09751,-0.203897 -0.32327,-0.3133209 -0.307886,-0.2188169 -0.836408,-0.208871 -1.585531,0.02984 0.01029,-0.03978 0.02564,-0.08454 0.04618,-0.13428 -9e-6,-0.03977 0.08722,-0.258604 0.261696,-0.6564818 0.04104,-0.08951 -0.02054,-0.213844 -0.184726,-0.373001 -0.307887,-0.2088699 -0.569582,-0.3481139 -0.785074,-0.4177609 -0.133424,-0.03977 -0.246312,-0.029829 -0.338664,0.029841 -0.07185,0.059689 -0.0821,0.159157 -0.03079,0.2984009 0.102613,0.188997 0.153927,0.3531169 0.153938,0.4923609 -0.01029,0.3083579 -0.02566,0.6365979 -0.04618,0.9847118 -0.09238,1.09e-5 -0.646541,0.1094239 -1.662553,0.3282409 -9e-6,-0.6564608 -0.02053,-1.0045948 -0.06158,-1.0444027 -0.01029,-0.0099 -0.02053,-0.01491 -0.03079,-0.01492 -0.133424,-0.09945 -0.328401,-0.184003 -0.584965,-0.25364 -0.194999,-0.03978 -0.379715,-0.01491 -0.554178,0.074601 -0.09237,0.06964 -0.07185,0.1641309 0.06158,0.2834808 0.16419,0.23873 0.307866,0.586865 0.431027,1.0444018 -0.492603,0.02985 -1.010862,0.08953 -1.554765,0.179041 -0.277089,0.02985 -0.307877,0.129317 -0.09237,0.2983999 0.28734,0.2387309 0.636266,0.313331 1.046768,0.223801 0.215503,-0.05967 0.456674,-0.1044301 0.72351,-0.13428 0.16419,1.0145618 0.28734,1.5964736 0.369452,1.7456746 0.07183,0.08953 0.138533,0.099471 0.200119,0.02984 0.03078,-0.03978 0.06157,-0.109404 0.09237,-0.2088809 0.277078,0.2685709 0.436148,0.5420948 0.477208,0.8205917 -0.626014,0.099469 -1.262271,0.193971 -1.908791,0.283481 -0.04106,-0.08951 -0.297613,-0.1541639 -0.76968,-0.1939609 -0.123151,-0.02983 -0.194989,-0.01491 -0.215513,0.04476 -0.06158,0.05969 -0.04618,0.159158 0.04618,0.298401 0.256554,0.4177609 0.482329,0.9747758 0.677328,1.6710235 0.04105,0.2088803 0.133402,0.3779734 0.277089,0.5072812 0.184715,0.188987 0.297604,0.213853 0.338664,0.074598 0.01029,-0.069615 0.02052,-0.1591373 0.03079,-0.2685616 0.06157,0.00986 0.143666,0.00498 0.246302,-0.014917 0.348915,-0.089505 0.785074,-0.1690833 1.308421,-0.2387203 -0.01029,0.2984011 -0.02566,0.5868539 -0.04618,0.8653509 -0.656802,0.129307 -1.282817,0.268561 -1.878024,0.417761 -0.184726,0.03979 -0.164201,0.139254 0.06158,0.298401 0.123141,0.08952 0.713237,0.04974 1.770237,-0.119361 -0.01029,0.06963 -0.02053,0.154174 -0.03079,0.253641 -0.01029,0.238721 -0.05132,0.467494 -0.123151,0.686321 -1.118659,0.159148 -2.314235,0.323269 -3.586727,0.492361 -0.215513,0.02984 -0.24117,0.124334 -0.07697,0.283481 0.133403,0.129307 0.292472,0.218827 0.477208,0.268561 0.215503,0.03979 0.400229,0.03979 0.554178,0 0.749155,-0.208881 1.549601,-0.363043 2.401372,-0.46252 -0.492603,0.746 -1.149426,1.317884 -1.97043,1.715752 -0.348926,0.159147 -0.779953,0.34316 -1.293039,0.552041 -0.12315,0.03979 -0.20525,0.0746 -0.2463,0.104444 -0.04106,0.03979 0.01029,0.07957 0.153937,0.119359 0.954407,0.05968 2.042183,-0.313319 3.263469,-1.118951 0.153927,-0.11936 0.292471,-0.248667 0.415632,-0.387921 0.246291,-0.308348 0.425886,-0.681337 0.538784,-1.118951 z M 24.480165,9.0273682 c -0.584964,0.08952 -1.128879,0.1740669 -1.631681,0.2536399 -0.123161,-0.5470569 -0.200129,-0.9498978 -0.230907,-1.2085117 0.07183,-0.0099 0.16419,-0.03481 0.277089,-0.074601 0.502854,-0.09946 1.021112,-0.198923 1.554765,-0.2984 0.01029,0.457547 0.02052,0.9001749 0.03079,1.3278928 z M 25.21907,8.1769363 c -10e-6,-0.2088698 0.01538,-0.4177509 0.04618,-0.6266418 0.369441,-0.06962 0.738882,-0.144217 1.108333,-0.2237999 0.287341,-0.06962 0.497723,-0.04475 0.631136,0.074599 0.06157,0.05969 0.07696,0.154184 0.04618,0.283481 -0.07185,0.3083469 -0.153948,0.5918278 -0.246301,0.8504317 -0.56445,0.11937 -1.092949,0.233747 -1.585531,0.34316 -9e-6,-0.248657 -9e-6,-0.4824039 0,-0.7012309 z M 23.987879,5.9240209 c -0.01029,-0.1491899 -0.02053,-0.288443 -0.03079,-0.4177609 -0.01029,-0.248657 -0.02053,-0.4824039 -0.03079,-0.7012309 0.472066,-0.09946 1.010839,-0.1939509 1.616298,-0.2834808 -0.04106,0.3381978 -0.08211,0.6912947 -0.123152,1.0593126 -0.533661,0.14921 -1.010859,0.263597 -1.431592,0.34316 z"
     id="path3183"
     inkscape:connector-curvature="0"
     style="fill:#434343;fill-opacity:1" /><path
     d="m 3.580034,3.0749745 c 0.2559345,0.252584 0.5272381,0.5281178 0.813897,0.8265888 0.1637957,0.17222 0.3378398,0.246844 0.5221301,0.2238711 C 5.0389047,4.113964 5.1259268,4.0221212 5.1771252,3.8499003 5.2180643,3.6432623 5.1873084,3.3505075 5.0849876,2.9716485 4.9621353,2.6157634 4.4246478,2.3402414 3.4725813,2.1450475 c -0.1842816,-0.04591 -0.3122537,-0.04591 -0.3839173,0 -0.061436,0.04594 -0.076786,0.155 -0.046074,0.327197 0.04095,0.149259 0.2201043,0.350169 0.5374864,0.60273 z M 1.7987122,6.1575182 c 0.5630715,0.688834 1.0186546,1.1078751 1.3667624,1.257087 0.1638044,0.03445 0.2968985,-0.03443 0.3992757,-0.2066499 0.061425,-0.149236 0.076776,-0.327185 0.046074,-0.5338471 C 3.4879712,6.1574943 2.9607223,5.7499344 2.0291091,5.4514403 c -0.010292,-0.01147 -0.020475,-0.01721 -0.030712,-0.01722 -0.1842794,-0.045909 -0.3276099,-0.05165 -0.4299883,-0.01722 -0.071662,0.01149 -0.087024,0.09759 -0.046074,0.2583129 0.010292,0.1492591 0.1023751,0.309987 0.2764215,0.4821829 z m 0.061425,6.7505518 c -0.1330919,0.04592 -0.1842816,0.177949 -0.1535669,0.396079 0.1228534,0.895484 0.3890382,1.46949 0.7985396,1.722085 0.071663,0.08036 0.1638055,0.103328 0.2764224,0.06888 0.092137,-0.01148 0.1382129,-0.172208 0.1382129,-0.482184 C 2.9914072,13.99298 3.626145,12.024027 4.8239409,8.7062131 4.8956039,8.5225362 4.926316,8.3847691 4.9160789,8.2929132 4.9057869,8.1781152 4.8546429,8.1608982 4.7625108,8.2412532 4.6396586,8.3216232 4.5168031,8.4708642 4.3939498,8.6889951 3.7489652,9.8714705 3.14491,10.996544 2.5818298,12.064212 2.4282618,12.351226 2.1876729,12.6325 1.8600716,12.908022 z m 6.1427042,-2.11813 c -0.747364,1.136577 -2.0015298,2.273129 -3.7623528,3.409752 -0.1638055,0.114806 -0.1996379,0.200911 -0.1074992,0.258312 0.071662,0.03444 0.2405771,-0.0059 0.5067718,-0.120545 1.1670497,-0.482183 2.1141035,-1.010278 2.8409489,-1.584295 0.3480774,-0.287014 0.6910426,-0.665862 1.0288923,-1.136566 0.5221203,0.7692 1.1056658,1.561312 1.7506296,2.376502 0.194509,0.287016 0.455574,0.447743 0.783185,0.482185 1.023762,0.149247 1.965686,0.20665 2.825601,0.172209 0.440207,-0.01148 0.650084,-0.0861 0.629618,-0.223871 -0.03074,-0.103328 -1.044272,-0.614199 -3.040661,-1.532668 C 10.649186,12.408782 9.8404186,11.719948 9.0315851,10.824452 9.1339494,10.617801 9.2516883,10.411162 9.384791,10.204501 9.9683387,9.1942231 10.434149,7.9657903 10.782247,6.5192862 10.90509,5.9682304 11.14056,5.5147484 11.488656,5.1588273 11.703641,4.9407084 11.713879,4.7455384 11.519366,4.5733174 11.26341,4.3896404 10.966513,4.2518733 10.628685,4.1600174 10.321541,4.0452234 10.024643,4.0796674 9.7380036,4.2633414 9.3284784,4.4126004 8.7654069,4.5962894 8.0487587,4.8144084 7.2399697,4.9636673 6.4209,5.0669934 5.5916772,5.1243844 5.3971569,5.1243943 5.2743036,5.1588344 5.223115,5.2277084 5.182154,5.3769673 5.28454,5.5434354 5.53025,5.7271124 5.837373,5.9682163 6.3441479,5.9624764 7.0505791,5.7098924 8.616949,5.2162399 9.4871663,4.9981089 9.661231,5.0555 9.7943121,5.05551 9.8659757,5.193279 9.8762262,5.468801 9.5895552,7.2597222 9.1083881,8.8039411 8.4327311,10.101222 7.9617917,9.5042442 7.4806126,8.8383591 6.9892383,8.1036742 6.6411514,7.5526183 6.2674705,7.2541232 5.8682273,7.2082013 5.6737081,7.1737703 5.5508537,7.1852513 5.499664,7.2426413 5.468952,7.3230113 5.53549,7.4435624 5.6993019,7.6042793 6.2521348,8.0864634 7.0199216,9.1483802 8.0028165,10.790078 z"
     id="path3185"
     inkscape:connector-curvature="0"
     style="fill:#000000;fill-opacity:1" /><rect
     style="fill:#3692d0;fill-opacity:1"
     id="rect3007"
     width="16"
     height="3.4000001"
     x="-1.7996516e-007"
     y="16.460615" /><rect
     style="fill:#bcbcbc;fill-opacity:1"
     id="rect3007-7"
     width="16"
     height="3.4000001"
     x="16"
     y="16.460615" /></svg>